root@nfsclient:/home/vedams/iozone3_394/src/current# iozone -aczR -g 2097152 -U /nfs/general -f /nfs/general/testfile -b exceloutput.xls
        Iozone: Performance Test of File I/O
                Version $Revision: 3.429 $
                Compiled for 64 bit mode.
                Build: linux-AMD64

        Contributors:William Norcott, Don Capps, Isom Crawford, Kirby Collins
                     Al Slater, Scott Rhine, Mike Wisner, Ken Goss
                     Steve Landherr, Brad Smith, Mark Kelly, Dr. Alain CYR,
                     Randy Dunlap, Mark Montague, Dan Million, Gavin Brebner,
                     Jean-Marc Zucconi, Jeff Blomberg, Benny Halevy, Dave Boone,
                     Erik Habbinga, Kris Strecker, Walter Wong, Joshua Root,
                     Fabrice Bacchella, Zhenghua Xue, Qin Li, Darren Sawyer,
                     Vangel Bojaxhi, Ben England, Vikentsi Lapa.
addition
        Run began: Wed Feb 22 18:06:58 2017

        Auto Mode
        Include close in write timing
        Cross over of record size disabled.
        Excel chart generation enabled
        Using maximum file size of 2097152 kilobytes.
        Command line used: iozone -aczR -g 2097152 -U /nfs/general -f /nfs/general/testfile -b exceloutput.xls
        Output is in kBytes/sec
        Time Resolution = 0.000001 seconds.
        Processor cache size set to 1024 kBytes.
        Processor cache line size set to 32 bytes.
        File stride size set to 17 * record size.
                                                              random    random     bkwd    record    stride                                   
              kB  reclen    write  rewrite    read    reread    read     write     read   rewrite      read   fwrite frewrite    fread  freread
              64       4    23061    29893   112844   109395    21150    20617    15643     37016     99686    27386    27574    77118    61066
              64       8     3496    27200   108292   126215    29492    22510    37782     37623    117230    25177    29115    62083    20532
              64      16     7690     8271   251861   293434    98011    26478    46572     36612     75386    26903    26100    77474    95399
              64      32    27526    28958   308970   338589    77096    27563    71415     23079     50745    14372    26959    80086    83111
              64      64    26209    28445   300665   344233    88277    27597    79991     26143     85114    28059    29505    96949    95230
             128       4    38348    40470   137949   126865    28489    39592    20931     75384     84602    40842    37792   100938   103727
             128       8    36248    38288   162845   121551    44093    44803    35594     78965    173643    40439    43613    97705    89021
             128      16    40239    40568   156668   199002    64320      516    33917     73778    184440    39949    42009    93845   100560
             128      32    38461    37038   558771   509943   108550    42230    77764     67762    120867    40531    36611   137349   120164
             128      64    37436    43154   531131   615109   146653    37415   109592     53378    104068    40660    40288   129434   140659
             128     128    36457    42454   449337   677178   130886    42595   140036     40635    102167    41212    41612   135170   126090
             256       4    38624    51538   196626   190622    29044    54202    23624    155236     84741    52457    53356   150852   152200
             256       8    48410    57169   197386   184720    54166    53951    42091    149010    111213    53690    53235   122730   143169
             256      16    51580    47146   222823   187690    73625    54516    67030    144149    340459    53444    52717   128702   154034
             256      32    50098    49277   261009   251002   100784    49383   106134    127118    203637    47724    55219   157814   149363
             256      64    48439    52935   868157   908560   149779    49660    90269    109545    172855    52403    54783   168752   168303
             256     128    47771    51038   850282   941213   161834    51832   141826     85395    173806    49146    48273   139722   153111
             256     256    47170    52319   827989   833776   154410    51677   167098     49524    152567    50070    49524   156777   144149
             512       4    61561    61821   220326   260181    34323    65490    21178    278106     82886    62068    63195   179333   179768
             512       8    62166    62636   283653   244398    55160    59967    37334    287180    115993    63249    58809   201891   181500
             512      16    51942    68874   284291   250850    94553    62900    70886    278901    185980    63509    60292   196246   204721
             512      32    59763    66064   254960   306967   104537    61649   105939    258086    489532    61236    63054   222311   206631
             512      64    58221    64671   424168   420349   123668    62030   130215    208720    346882    64736    65404   219471   180798
             512     128    63185    60066   413868   336395   163483    66553   167591    153569    254748    66348    63539   207972   222127
             512     256    61272    64629   562049   565007   216593    63405   227251    108470    199306    63015    64746   230941   214774
             512     512    62814    65833  1524329  1467055   161868    67130   208964     64402    173438    63856    63187   216114   200628
            1024       4    68017    67904   269821   306044    54578    72769    19565    535011     89847    68923    73463   276758   296720
            1024       8    68682    69779   358307   334530    64634    71618    41055    549382    130531    67113    68449   273202   252841
            1024      16    73305    73505   396441   377154    90156    72275    68549    506672    177376    71763    72027   315950   318504
            1024      32    72501    72981   420053   389926   167649    74625   121729    470794    274670    73027    73611   203294   341444
            1024      64    72716    74635   473180   447354   169561    72892   166666    429376    644038    72500    72722   257866   290322
            1024     128    73027    71140   451540   458775   212099    71120   191118    314884    645684    73972    73216   269906   256128
            1024     256    70208    71250   506912   544369   287542    70591   264520    218753    446007    70577    63801   286201   292815
            1024     512    71758    25507  1648862   829816   249203    48416   253154    132708    389785    73950    70363   280702   286029
            1024    1024    70213    74919  1687075  1790460   297851    66399   283893     73684    276313    76686    74165   286105   276545
            2048       4    40253    39234   392704   405074    34592    37441    21362    960648     88393    37958    37168   345660   374275
            2048       8    38934    37667   352439   458697    90104    37200    38378    912676    151322    35303    37064   382730   388617
            2048      16    37476    39414   485778   570160   120203    39595    73454    923767    234621    35889    30855   402041   425164
            2048      32    40072    41937   494447   478499   169943    41154   127545    867774    291700    41368    40424   409282   457865
            2048      64    40563    36125   508556   566513   265286    38965   192898    730076    352627    39299    37457   419844   381235
            2048     128    40243    39315   639617   630370   254661    32436   273723    548323   1503627    40968    39718   445887   364214
            2048     256    39327    41672   492067   500380   366171    38988   390988    418046   1432179    40657    70141   409926   492067
            2048     512    36367    37604   813378   757102   384082    41847   419066    257771    522063    36340    40891   318702   405629
            2048    1024    39605    35403  1389326  1381950   370067     6646   441487    145032    517409    37518    39003   401871   466747
            2048    2048    38703    40441  1808862  1793378   391576    36687   402285     39462    376820    39526    35752   364802   435555
            4096       4    39689    38330   482393   501165    59789    38176    19368   1400288     83221    38725    40066   544618   511552
            4096       8    37716    39054   561933   615571    64501    40488    45270   1534628    156283    34024    40234   419156   459148
            4096      16    39223    39309   528663   460588   129435    38167    76486   1493277    247942    40774    39286   457096   502088
            4096      32    39613    34708   547359   685636   178157    40412   124619   1407516    325729    40341    38903   562264   517765
            4096      64    40894    39924   757262   583559   257674    38555   228827   1263801    380070    40019    38421   436161   466301
            4096     128    39396    39961   567689   648106   390915    38753   306883    986962    433486    40336    40535   504003   466352
            4096     256    37954    41159   578372   630435   381547    36158   371049    686102   2056285    41209    38461   506858   452950
            4096     512    38203    41402   788580   752255   491431    40037   426090    496545   1225225    39267    37871   616676   397591
            4096    1024    41178    36006  1941270  1202583   479860    36553   324253    290869    810914    38257    33690   581406   556526
            4096    2048    35106    35149  1827877  1796530   466301    34083   464398     74433    518734    37594    33185   416473   526218
            4096    4096    32979    37549  1898159  1864376   452354    38689   535084     32951    511948    38977    40766   391628   503265
            8192       4    51068    53146   652485   583854    32036    51041    18878   2075514     91885    46085    47695   456863   703648
            8192       8    49363    48996   711856   788450    99086    47890    34698   2355374    121370    47063    52578   651866   687486
            8192      16    52005    50438   552204   721694   120068    50484    86621   2195537    236906    51185    53424   519336   563100
            8192      32    45475    52882   732417   684091   244398    46208   135154   2120080    341162    46243    46716   712594   521813
            8192      64    51269    51787   687128   750248   252193    51116   190906   1853395    411553    50538    49919   536788   527493
            8192     128    48462    52897   596007   568730   363572    40651   262884   1585750    429331    51295    52841   709079   675577
            8192     256    53750    51791   683343   609876   450732    49260   418812   1243305    593885    53226    52659   552275   722468
            8192     512    51211    50597   845678   767252   493045    44428   473608    874921   1927960    51460    50797   521346   627978
            8192    1024    44717    47178   792341   653838   530949    47959   463582    502792   1303836    42596    45593   549467   569758
            8192    2048    52198    46716   850766   882290   512932    46456   609476    143722    819439    46817    48332   465321   546496
            8192    4096    51647    50819  1590963  2103725   629232    53112   565715     75638    612213    51711    52399   565547   555238
            8192    8192    51309    50644  2067148  2102052   445046    49909   469319     52178    544029    20493    49568   428432   399569
           16384       4    75752    65780   669031   630906    32230    76382    17965   2516016     84144    77742    76132   695029   712127
           16384       8    76451    77805   676967   689243    62133    77315    35608   3016286    157682    73388    74228   613244   600937
           16384      16    73669    78532   629525   570969   118724    73116    73211   2846964    255624    76972    77125   715151   742328
           16384      32    75793    79308   722877   642761   177055    74118   142023   2864289    356421    72905    75614   719916   746287
           16384      64    75943    79006   673715   630929   307518    77023   179580   2741234    422159    73657    77698   544732   732181
           16384     128    74742    77773   323314   669801   393240    78342   299262   2407931    494417    77352    77282   684001   593003
           16384     256    78657    76951   646061   796001   486231    78172   436802   1785347    585415    78848    77386   589564   656880
           16384     512    41213    65954   720112   637834   523398    65128   450121   1454047    643948    64820    67493   601026   558723
           16384    1024    73172    78670   673299   751222   563353    74453   560427    896222   1709703    75303    76385   632538   607917
           16384    2048    73585    69501   774846   797507   622420    74139   542928    575565   1494785    72374    74570   650932   514091
           16384    4096    74758    76021   954665  1156741   556505    73001   586084    333808    941403    72342    76180   557318   514834
           16384    8192    73209    75650  1499940  1200826   543775    73594   656015    167238    583412    71987    71366   598613   526784
           16384   16384    71796    77658  2187695  2263949   656040    74497   574271     68886    593238    74786    58041   623770   498553
           32768       4    76878    79877   618217   482250    29647    49977    17599   2878676     86608    77767    79829   690738   602795
           32768       8    80809    81956   644911   690943    54391    80910    37650   3509784    172033    81574    80820   678610   658693
           32768      16    80512    82157   676466   750012   108632    81327    70332   3364906    273337    80354    82046   691555   662114
           32768      32    79113    80805   702980   685051   213012    79305   118989   3379884    366560    76584    79655   589841   697575
           32768      64    78404    80726   655201   660177   286215    81203   181936   3370848    439456    80621    81478   642280   674488
           32768     128    70068    71025   682665   695890   383507    71794   313764   2926549    526620    70996    70432   676619   678286
           32768     256    79175    80641   698585   681332   474533    82326   438532   2513477    599696    79645    80444   639486   690391
           32768     512    79231    81774   692475   616656   487234    49763   506359   2048001    422704    73628    82582   454941   639325
           32768    1024    78079    78860   613791   613205   418204    75442   506530   1413387    605266    78896    71684   631088   488746
           32768    2048    77987    75641   664894   744148   502422    80218   509722    899105   2120061    78685    77813   546625   555033
           32768    4096    78189    79415   641264   878171   548225    78651   653802    541324   1093512    48745    79120   567676   635098
           32768    8192    69235    71470   836024   863110   585739    69134   586169    208720   1150320    70864    69896   574433   656541
           32768   16384    77742    68114  1236341  1100261   618440    80930   621831    143911    888624    77034    78260   591800   578296
           65536       4    70914    74759   697088   622202    32111    73151    17849   2771427     82528    75016    73404   691308   705941
           65536       8    77182    78939   718778   725277    53310    78446    34170   3926669    138840    75938    76833   696369   635919
           65536      16    77933    79319   691139   728364    95832    60523    68413   3738472    255825    79773    81764   707831   693408
           65536      32    78574    81357   659137   665515   178989    80505   141244   3810033    342231    79347    78357   596373   655977
           65536      64    71075    79983   677725   643905   257577    79466   181514   3878303    409848    82075    76209   683271   667855
           65536     128    25689    63199   697488   718060   358149    62977   344095   3428140    515978    62534    62656   384237   546461
           65536     256    16434    52853   651567   589505   454732    53324   402074   3012433    597667    51417    51252   513423   527715
           65536     512    56202    57954   598185   633590   474087    57141   450766   2576904    561172    56390    57698   588622   649630
           65536    1024    25172    51830   547369   608488   482279    52049   478493   2109030    559839    50403    52001   633228   634411
           65536    2048    55129    56352   628696   632592   520912    56907   511061    861454    585378    56022    48046   545016   553475
           65536    4096    52140    51730   686982   687537   551333    52760   551886    586567   1571082    50943    51426   603334   609518
           65536    8192    56449    57177   773076   759925   609585    57186   616415    321061   1351842    57076    56181   630256   621654
           65536   16384    43713    51168   895876   719527   534119    51817   631617    197818   1128158    51075    50653   634098   533755
          131072       4    27552    53206   640096   650480    32891    53155    16761   3196964     88315    54389    51655   637429   537044
          131072       8    15412    53597   677430   696665    55985    54085    33117   4182248    152893    54219    54375   659657   685810
          131072      16    25867    51407   746241   634841    92352    51772    68404   3992451    238382    51370    52542   685824   668891
          131072      32    18823    55301   739217   699775   165703    54926   113309   4079796    197703    55849    56097   680430   650110
          131072      64    54656    53979   627700   651172   231413    55231   198537   4184254    437922    54058    53434   740933   715833
          131072     128    18833    51980   697053   661826   353189    53932   279137   3747922    480238    53161    53763   663863   732278
          131072     256    52296    53620   663181   655399   451196    52661   389179   3373111    579746    48603    53331   669414   674947
          131072     512    18635    55699   529123   525559   437608    54832   478471   3128593    598267    56792    57194   644316   660881
          131072    1024    56653    57258   677038   670849   528045    55989   522953   2735119    633608    57839    55642   585574   624485
          131072    2048    18189    54454   623941   621624   492648    54130   504926   1835641    572999    54347    54990   533526   560532
          131072    4096    18574    55548   667311   624833   586021    55953   293993   1178504    610466    53569    54483   581251   616087
          131072    8192    18705    50824   710832   693806   596954    48534   591640    645973   1735889    50965    51240   587437   649807
          131072   16384    18334    52709   695017   694586   615925    51016   595035    415410   1590388    52088    52362   602389   664399
          262144       4    27526    53314   504912   591819    31122    43385    17262   3442689     87219    54496    51183   697369   661498
          262144       8    27106    51378   726227   688551    54495    47848    34419   4228747    149169    52671    47691   705733   644164
          262144      16    18291    53434   687958   658755    95398    45442    67213   4072388    256634    55854    53384   742028   678463
          262144      32    18121    53520   683267   611651   162210    52946   119060   4137440    308578    54380    54776   648215   683677
          262144      64    19364    54078   741122   700363   202326    49738   119466   4328942    358070    51664    54501   697499   723161
          262144     128    19079    53094   648819   692639   326826    54313   311751   3960479    488562    53050    52744   677233   640353
          262144     256    17909    50269   661181   695224   423358    48385   373010   3532422    553781    49994    51697   684656   638992
          262144     512    25609    50812   657440   674625   488355    50910   479610   3441557    595837    50663    52517   668061   621508
          262144    1024    17273    55834   660833   590020   544809    54824   524662   3093287    610385    55344    55464   609193   589212
          262144    2048    17228    52533   608802   624580   535292    52529   508696   2112074    573859    53215    51760   645945   605303
          262144    4096    25948    50011   641968   586891   578257    51380   503750   1174453    600717    51465    50479   576716   626326
          262144    8192    28308    52835   604082   650644   588612    54008   596531    947739    650384    53241    51594   664288   599760
          262144   16384    27510    50694   675315   648893   628938    51945   579551    611380   1500974    50212    52829   627855   623060
          524288       4    17853    54424   653804   691012    28511    22951    16371   3511830     85037    52592    51934   704082   664351
          524288       8    20751    51979   699892   691007    54406    25215    33339   4368230    145438    50296    49037   699476   675385
          524288      16    17186    55944   693108   683645    94092    24827    60353   4101929    243635    54652    51896   696871   662760
          524288      32    17896    51150   651885   678071   160956    28638   111061   4262682    335500    47984    52096   658511   651263
          524288      64    18334    52847   687874   679211   209161    35360   131364   4317619    292949    52229    50540   685008   699021
          524288     128    17548    55728   657425   658229   314254    44902   297595   4101707    500553    57754    57268   664980   661951
          524288     256    21113    52831   578601   638279   428668    47253   379050   3642456    526948    55812    52912   648064   635281
          524288     512    17311    52273   662426   637331   470720    46388   487641   3560411    565400    52986    46890   668357   653738
          524288    1024    21966    52934   635989   592460   485913    47060   388119   3445314    628458    50792    52951   626598   635855
          524288    2048    18379    56067   624199   623251   547261    50359   501251   2352903    579371    55161    56368   595312   608435
          524288    4096    16783    52353   647453   616859   590362    50341   548682   1402612    584256    51981    51266   632369   627796
          524288    8192    17733    56784   651674   619646   570661    54444   610732   1423851    583024    55715    57721   586832   590676
          524288   16384    18613    54174   625075   598764   433228    53152   560993    928806    611581    52419    52300   644945   602571
         1048576       4    16356    54874   675891   694250    28804    11087    17121   3486606     81914    53313    54618   722624   667230
         1048576       8    17429    55517   730673   715893    55777    13347    32710   4344067    139708    56191    57137   696816   675210
         1048576      16    16307    56293   676990   673739    97849    14412    62416   4232705    226331    55148    56387   680996   653381
         1048576      32    16201    57418   661968   675234   150498    19396   104898   4345261    288920    54747    55876   673970   686939
         1048576      64    16642    54003   674554   633610   179879    29130   139282   4497390    377684    51193    55938   600075   584657
         1048576     128    17030    54579   685573   656328   327721    43244   243008   4064847    485140    53243    54774   687437   660529
         1048576     256    17036    54182   656505   643827   426120    50861   371870   3725343    492700    57509    57684   690678   668192
         1048576     512    17642    54288   599228   640090   493643    51329   469487   3695511    529055    55432    52754   659875   579782
         1048576    1024    17444    54430   637339   622437   466521    44089   475492   3380941    554169    49764    54549   560911   608593
         1048576    2048    17660    55329   491272   592064   522332    50437   542794   2415777    574673    56212    54625   646725   580985
         1048576    4096    17971    53865   606047   640246   561188    52443   578560   1763651    599599    55336    55510   631833   607748
         1048576    8192    16976    56047   647389   623376   565682    53708   599807   1441416    598003    56143    53413   639241   617169
         1048576   16384    17714    54048   647728   483693   565378    56392   647610   1316633    603857    55442    56024   568362   556582
         2097152       4    16755    51854    82444    82905     4370     6051     9065   3482675     31654    46629    48350    79868    82729
         2097152       8    16682    52056    82344    81729     9592     7435    21489   4413124     41747    46207    47889    88853    83199
         2097152      16    18147    54586    83651    83485    16498     9536    31338   4147281     58088    52730    53233   103298    97835
         2097152      32    17785    55409    83693    82623    29722    15709    50667   4340545     77947    52300    53135   135196    89047
         2097152      64    17180    54467    83865    85026    48785    26433    56365   4418034     37651    55966    55369   127184   106743
         2097152     128    17911    53965    81754    81436    74799    40715   109648   4076056     70754    52611    51726   120968   140146
         2097152     256    17808    51235    81341    81402   107514    48638   140730   3731886    131556    48852    47922    81709    81818
         2097152     512    16594    54002    81696    81633   151265    49297   175743   3758458    157119    51177    53003   209644    98521
         2097152    1024    16959    54577    81694    83592   195538    40981   230817   3693573    200804    49365    52908    83170    83677
         2097152    2048    17969    53907    82228    81980   205416    47348   247447   2419175    197213    50410    52350    81632   131487
         2097152    4096    17608    51338    80374    81560   233270    48799   274386   1754736    231649    47029    50745    81386   130732
         2097152    8192    17108    54405    80925    83364   264838    53719   291112   1645703    223388    53828    53345   211889   105444
         2097152   16384    17328    51889    83381    83220   289354    51308   300019   1532509    303604    53661    53911   203929   109194

iozone test complete.
Excel output is below:

"Writer report"
        "4"  "8"  "16"  "32"  "64"  "128"  "256"  "512"  "1024"  "2048"  "4096"  "8192"  "16384"
"64"   23061  3496  7690  27526  26209
"128"   38348  36248  40239  38461  37436  36457
"256"   38624  48410  51580  50098  48439  47771  47170
"512"   61561  62166  51942  59763  58221  63185  61272  62814
"1024"   68017  68682  73305  72501  72716  73027  70208  71758  70213
"2048"   40253  38934  37476  40072  40563  40243  39327  36367  39605  38703
"4096"   39689  37716  39223  39613  40894  39396  37954  38203  41178  35106  32979
"8192"   51068  49363  52005  45475  51269  48462  53750  51211  44717  52198  51647  51309
"16384"   75752  76451  73669  75793  75943  74742  78657  41213  73172  73585  74758  73209  71796
"32768"   76878  80809  80512  79113  78404  70068  79175  79231  78079  77987  78189  69235  77742
"65536"   70914  77182  77933  78574  71075  25689  16434  56202  25172  55129  52140  56449  43713
"131072"   27552  15412  25867  18823  54656  18833  52296  18635  56653  18189  18574  18705  18334
"262144"   27526  27106  18291  18121  19364  19079  17909  25609  17273  17228  25948  28308  27510
"524288"   17853  20751  17186  17896  18334  17548  21113  17311  21966  18379  16783  17733  18613
"1048576"   16356  17429  16307  16201  16642  17030  17036  17642  17444  17660  17971  16976  17714
"2097152"   16755  16682  18147  17785  17180  17911  17808  16594  16959  17969  17608  17108  17328

"Re-writer report"
        "4"  "8"  "16"  "32"  "64"  "128"  "256"  "512"  "1024"  "2048"  "4096"  "8192"  "16384"
"64"   29893  27200  8271  28958  28445
"128"   40470  38288  40568  37038  43154  42454
"256"   51538  57169  47146  49277  52935  51038  52319
"512"   61821  62636  68874  66064  64671  60066  64629  65833
"1024"   67904  69779  73505  72981  74635  71140  71250  25507  74919
"2048"   39234  37667  39414  41937  36125  39315  41672  37604  35403  40441
"4096"   38330  39054  39309  34708  39924  39961  41159  41402  36006  35149  37549
"8192"   53146  48996  50438  52882  51787  52897  51791  50597  47178  46716  50819  50644
"16384"   65780  77805  78532  79308  79006  77773  76951  65954  78670  69501  76021  75650  77658
"32768"   79877  81956  82157  80805  80726  71025  80641  81774  78860  75641  79415  71470  68114
"65536"   74759  78939  79319  81357  79983  63199  52853  57954  51830  56352  51730  57177  51168
"131072"   53206  53597  51407  55301  53979  51980  53620  55699  57258  54454  55548  50824  52709
"262144"   53314  51378  53434  53520  54078  53094  50269  50812  55834  52533  50011  52835  50694
"524288"   54424  51979  55944  51150  52847  55728  52831  52273  52934  56067  52353  56784  54174
"1048576"   54874  55517  56293  57418  54003  54579  54182  54288  54430  55329  53865  56047  54048
"2097152"   51854  52056  54586  55409  54467  53965  51235  54002  54577  53907  51338  54405  51889

"Reader report"
        "4"  "8"  "16"  "32"  "64"  "128"  "256"  "512"  "1024"  "2048"  "4096"  "8192"  "16384"
"64"   112844  108292  251861  308970  300665
"128"   137949  162845  156668  558771  531131  449337
"256"   196626  197386  222823  261009  868157  850282  827989
"512"   220326  283653  284291  254960  424168  413868  562049  1524329
"1024"   269821  358307  396441  420053  473180  451540  506912  1648862  1687075
"2048"   392704  352439  485778  494447  508556  639617  492067  813378  1389326  1808862
"4096"   482393  561933  528663  547359  757262  567689  578372  788580  1941270  1827877  1898159
"8192"   652485  711856  552204  732417  687128  596007  683343  845678  792341  850766  1590963  2067148
"16384"   669031  676967  629525  722877  673715  323314  646061  720112  673299  774846  954665  1499940  2187695
"32768"   618217  644911  676466  702980  655201  682665  698585  692475  613791  664894  641264  836024  1236341
"65536"   697088  718778  691139  659137  677725  697488  651567  598185  547369  628696  686982  773076  895876
"131072"   640096  677430  746241  739217  627700  697053  663181  529123  677038  623941  667311  710832  695017
"262144"   504912  726227  687958  683267  741122  648819  661181  657440  660833  608802  641968  604082  675315
"524288"   653804  699892  693108  651885  687874  657425  578601  662426  635989  624199  647453  651674  625075
"1048576"   675891  730673  676990  661968  674554  685573  656505  599228  637339  491272  606047  647389  647728
"2097152"   82444  82344  83651  83693  83865  81754  81341  81696  81694  82228  80374  80925  83381

"Re-Reader report"
        "4"  "8"  "16"  "32"  "64"  "128"  "256"  "512"  "1024"  "2048"  "4096"  "8192"  "16384"
"64"   109395  126215  293434  338589  344233
"128"   126865  121551  199002  509943  615109  677178
"256"   190622  184720  187690  251002  908560  941213  833776
"512"   260181  244398  250850  306967  420349  336395  565007  1467055
"1024"   306044  334530  377154  389926  447354  458775  544369  829816  1790460
"2048"   405074  458697  570160  478499  566513  630370  500380  757102  1381950  1793378
"4096"   501165  615571  460588  685636  583559  648106  630435  752255  1202583  1796530  1864376
"8192"   583854  788450  721694  684091  750248  568730  609876  767252  653838  882290  2103725  2102052
"16384"   630906  689243  570969  642761  630929  669801  796001  637834  751222  797507  1156741  1200826  2263949
"32768"   482250  690943  750012  685051  660177  695890  681332  616656  613205  744148  878171  863110  1100261
"65536"   622202  725277  728364  665515  643905  718060  589505  633590  608488  632592  687537  759925  719527
"131072"   650480  696665  634841  699775  651172  661826  655399  525559  670849  621624  624833  693806  694586
"262144"   591819  688551  658755  611651  700363  692639  695224  674625  590020  624580  586891  650644  648893
"524288"   691012  691007  683645  678071  679211  658229  638279  637331  592460  623251  616859  619646  598764
"1048576"   694250  715893  673739  675234  633610  656328  643827  640090  622437  592064  640246  623376  483693
"2097152"   82905  81729  83485  82623  85026  81436  81402  81633  83592  81980  81560  83364  83220

"Random read report"
        "4"  "8"  "16"  "32"  "64"  "128"  "256"  "512"  "1024"  "2048"  "4096"  "8192"  "16384"
"64"   21150  29492  98011  77096  88277
"128"   28489  44093  64320  108550  146653  130886
"256"   29044  54166  73625  100784  149779  161834  154410
"512"   34323  55160  94553  104537  123668  163483  216593  161868
"1024"   54578  64634  90156  167649  169561  212099  287542  249203  297851
"2048"   34592  90104  120203  169943  265286  254661  366171  384082  370067  391576
"4096"   59789  64501  129435  178157  257674  390915  381547  491431  479860  466301  452354
"8192"   32036  99086  120068  244398  252193  363572  450732  493045  530949  512932  629232  445046
"16384"   32230  62133  118724  177055  307518  393240  486231  523398  563353  622420  556505  543775  656040
"32768"   29647  54391  108632  213012  286215  383507  474533  487234  418204  502422  548225  585739  618440
"65536"   32111  53310  95832  178989  257577  358149  454732  474087  482279  520912  551333  609585  534119
"131072"   32891  55985  92352  165703  231413  353189  451196  437608  528045  492648  586021  596954  615925
"262144"   31122  54495  95398  162210  202326  326826  423358  488355  544809  535292  578257  588612  628938
"524288"   28511  54406  94092  160956  209161  314254  428668  470720  485913  547261  590362  570661  433228
"1048576"   28804  55777  97849  150498  179879  327721  426120  493643  466521  522332  561188  565682  565378
"2097152"   4370  9592  16498  29722  48785  74799  107514  151265  195538  205416  233270  264838  289354

"Random write report"
        "4"  "8"  "16"  "32"  "64"  "128"  "256"  "512"  "1024"  "2048"  "4096"  "8192"  "16384"
"64"   20617  22510  26478  27563  27597
"128"   39592  44803  516  42230  37415  42595
"256"   54202  53951  54516  49383  49660  51832  51677
"512"   65490  59967  62900  61649  62030  66553  63405  67130
"1024"   72769  71618  72275  74625  72892  71120  70591  48416  66399
"2048"   37441  37200  39595  41154  38965  32436  38988  41847  6646  36687
"4096"   38176  40488  38167  40412  38555  38753  36158  40037  36553  34083  38689
"8192"   51041  47890  50484  46208  51116  40651  49260  44428  47959  46456  53112  49909
"16384"   76382  77315  73116  74118  77023  78342  78172  65128  74453  74139  73001  73594  74497
"32768"   49977  80910  81327  79305  81203  71794  82326  49763  75442  80218  78651  69134  80930
"65536"   73151  78446  60523  80505  79466  62977  53324  57141  52049  56907  52760  57186  51817
"131072"   53155  54085  51772  54926  55231  53932  52661  54832  55989  54130  55953  48534  51016
"262144"   43385  47848  45442  52946  49738  54313  48385  50910  54824  52529  51380  54008  51945
"524288"   22951  25215  24827  28638  35360  44902  47253  46388  47060  50359  50341  54444  53152
"1048576"   11087  13347  14412  19396  29130  43244  50861  51329  44089  50437  52443  53708  56392
"2097152"   6051  7435  9536  15709  26433  40715  48638  49297  40981  47348  48799  53719  51308

"Backward read report"
        "4"  "8"  "16"  "32"  "64"  "128"  "256"  "512"  "1024"  "2048"  "4096"  "8192"  "16384"
"64"   15643  37782  46572  71415  79991
"128"   20931  35594  33917  77764  109592  140036
"256"   23624  42091  67030  106134  90269  141826  167098
"512"   21178  37334  70886  105939  130215  167591  227251  208964
"1024"   19565  41055  68549  121729  166666  191118  264520  253154  283893
"2048"   21362  38378  73454  127545  192898  273723  390988  419066  441487  402285
"4096"   19368  45270  76486  124619  228827  306883  371049  426090  324253  464398  535084
"8192"   18878  34698  86621  135154  190906  262884  418812  473608  463582  609476  565715  469319
"16384"   17965  35608  73211  142023  179580  299262  436802  450121  560427  542928  586084  656015  574271
"32768"   17599  37650  70332  118989  181936  313764  438532  506359  506530  509722  653802  586169  621831
"65536"   17849  34170  68413  141244  181514  344095  402074  450766  478493  511061  551886  616415  631617
"131072"   16761  33117  68404  113309  198537  279137  389179  478471  522953  504926  293993  591640  595035
"262144"   17262  34419  67213  119060  119466  311751  373010  479610  524662  508696  503750  596531  579551
"524288"   16371  33339  60353  111061  131364  297595  379050  487641  388119  501251  548682  610732  560993
"1048576"   17121  32710  62416  104898  139282  243008  371870  469487  475492  542794  578560  599807  647610
"2097152"   9065  21489  31338  50667  56365  109648  140730  175743  230817  247447  274386  291112  300019

"Record rewrite report"
        "4"  "8"  "16"  "32"  "64"  "128"  "256"  "512"  "1024"  "2048"  "4096"  "8192"  "16384"
"64"   37016  37623  36612  23079  26143
"128"   75384  78965  73778  67762  53378  40635
"256"   155236  149010  144149  127118  109545  85395  49524
"512"   278106  287180  278901  258086  208720  153569  108470  64402
"1024"   535011  549382  506672  470794  429376  314884  218753  132708  73684
"2048"   960648  912676  923767  867774  730076  548323  418046  257771  145032  39462
"4096"   1400288  1534628  1493277  1407516  1263801  986962  686102  496545  290869  74433  32951
"8192"   2075514  2355374  2195537  2120080  1853395  1585750  1243305  874921  502792  143722  75638  52178
"16384"   2516016  3016286  2846964  2864289  2741234  2407931  1785347  1454047  896222  575565  333808  167238  68886
"32768"   2878676  3509784  3364906  3379884  3370848  2926549  2513477  2048001  1413387  899105  541324  208720  143911
"65536"   2771427  3926669  3738472  3810033  3878303  3428140  3012433  2576904  2109030  861454  586567  321061  197818
"131072"   3196964  4182248  3992451  4079796  4184254  3747922  3373111  3128593  2735119  1835641  1178504  645973  415410
"262144"   3442689  4228747  4072388  4137440  4328942  3960479  3532422  3441557  3093287  2112074  1174453  947739  611380
"524288"   3511830  4368230  4101929  4262682  4317619  4101707  3642456  3560411  3445314  2352903  1402612  1423851  928806
"1048576"   3486606  4344067  4232705  4345261  4497390  4064847  3725343  3695511  3380941  2415777  1763651  1441416  1316633
"2097152"   3482675  4413124  4147281  4340545  4418034  4076056  3731886  3758458  3693573  2419175  1754736  1645703  1532509

"Stride read report"
        "4"  "8"  "16"  "32"  "64"  "128"  "256"  "512"  "1024"  "2048"  "4096"  "8192"  "16384"
"64"   99686  117230  75386  50745  85114
"128"   84602  173643  184440  120867  104068  102167
"256"   84741  111213  340459  203637  172855  173806  152567
"512"   82886  115993  185980  489532  346882  254748  199306  173438
"1024"   89847  130531  177376  274670  644038  645684  446007  389785  276313
"2048"   88393  151322  234621  291700  352627  1503627  1432179  522063  517409  376820
"4096"   83221  156283  247942  325729  380070  433486  2056285  1225225  810914  518734  511948
"8192"   91885  121370  236906  341162  411553  429331  593885  1927960  1303836  819439  612213  544029
"16384"   84144  157682  255624  356421  422159  494417  585415  643948  1709703  1494785  941403  583412  593238
"32768"   86608  172033  273337  366560  439456  526620  599696  422704  605266  2120061  1093512  1150320  888624
"65536"   82528  138840  255825  342231  409848  515978  597667  561172  559839  585378  1571082  1351842  1128158
"131072"   88315  152893  238382  197703  437922  480238  579746  598267  633608  572999  610466  1735889  1590388
"262144"   87219  149169  256634  308578  358070  488562  553781  595837  610385  573859  600717  650384  1500974
"524288"   85037  145438  243635  335500  292949  500553  526948  565400  628458  579371  584256  583024  611581
"1048576"   81914  139708  226331  288920  377684  485140  492700  529055  554169  574673  599599  598003  603857
"2097152"   31654  41747  58088  77947  37651  70754  131556  157119  200804  197213  231649  223388  303604

"Fwrite report"
        "4"  "8"  "16"  "32"  "64"  "128"  "256"  "512"  "1024"  "2048"  "4096"  "8192"  "16384"
"64"   27386  25177  26903  14372  28059
"128"   40842  40439  39949  40531  40660  41212
"256"   52457  53690  53444  47724  52403  49146  50070
"512"   62068  63249  63509  61236  64736  66348  63015  63856
"1024"   68923  67113  71763  73027  72500  73972  70577  73950  76686
"2048"   37958  35303  35889  41368  39299  40968  40657  36340  37518  39526
"4096"   38725  34024  40774  40341  40019  40336  41209  39267  38257  37594  38977
"8192"   46085  47063  51185  46243  50538  51295  53226  51460  42596  46817  51711  20493
"16384"   77742  73388  76972  72905  73657  77352  78848  64820  75303  72374  72342  71987  74786
"32768"   77767  81574  80354  76584  80621  70996  79645  73628  78896  78685  48745  70864  77034
"65536"   75016  75938  79773  79347  82075  62534  51417  56390  50403  56022  50943  57076  51075
"131072"   54389  54219  51370  55849  54058  53161  48603  56792  57839  54347  53569  50965  52088
"262144"   54496  52671  55854  54380  51664  53050  49994  50663  55344  53215  51465  53241  50212
"524288"   52592  50296  54652  47984  52229  57754  55812  52986  50792  55161  51981  55715  52419
"1048576"   53313  56191  55148  54747  51193  53243  57509  55432  49764  56212  55336  56143  55442
"2097152"   46629  46207  52730  52300  55966  52611  48852  51177  49365  50410  47029  53828  53661

"Re-Fwrite report"
        "4"  "8"  "16"  "32"  "64"  "128"  "256"  "512"  "1024"  "2048"  "4096"  "8192"  "16384"
"64"   27574  29115  26100  26959  29505
"128"   37792  43613  42009  36611  40288  41612
"256"   53356  53235  52717  55219  54783  48273  49524
"512"   63195  58809  60292  63054  65404  63539  64746  63187
"1024"   73463  68449  72027  73611  72722  73216  63801  70363  74165
"2048"   37168  37064  30855  40424  37457  39718  70141  40891  39003  35752
"4096"   40066  40234  39286  38903  38421  40535  38461  37871  33690  33185  40766
"8192"   47695  52578  53424  46716  49919  52841  52659  50797  45593  48332  52399  49568
"16384"   76132  74228  77125  75614  77698  77282  77386  67493  76385  74570  76180  71366  58041
"32768"   79829  80820  82046  79655  81478  70432  80444  82582  71684  77813  79120  69896  78260
"65536"   73404  76833  81764  78357  76209  62656  51252  57698  52001  48046  51426  56181  50653
"131072"   51655  54375  52542  56097  53434  53763  53331  57194  55642  54990  54483  51240  52362
"262144"   51183  47691  53384  54776  54501  52744  51697  52517  55464  51760  50479  51594  52829
"524288"   51934  49037  51896  52096  50540  57268  52912  46890  52951  56368  51266  57721  52300
"1048576"   54618  57137  56387  55876  55938  54774  57684  52754  54549  54625  55510  53413  56024
"2097152"   48350  47889  53233  53135  55369  51726  47922  53003  52908  52350  50745  53345  53911

"Fread report"
        "4"  "8"  "16"  "32"  "64"  "128"  "256"  "512"  "1024"  "2048"  "4096"  "8192"  "16384"
"64"   77118  62083  77474  80086  96949
"128"   100938  97705  93845  137349  129434  135170
"256"   150852  122730  128702  157814  168752  139722  156777
"512"   179333  201891  196246  222311  219471  207972  230941  216114
"1024"   276758  273202  315950  203294  257866  269906  286201  280702  286105
"2048"   345660  382730  402041  409282  419844  445887  409926  318702  401871  364802
"4096"   544618  419156  457096  562264  436161  504003  506858  616676  581406  416473  391628
"8192"   456863  651866  519336  712594  536788  709079  552275  521346  549467  465321  565547  428432
"16384"   695029  613244  715151  719916  544732  684001  589564  601026  632538  650932  557318  598613  623770
"32768"   690738  678610  691555  589841  642280  676619  639486  454941  631088  546625  567676  574433  591800
"65536"   691308  696369  707831  596373  683271  384237  513423  588622  633228  545016  603334  630256  634098
"131072"   637429  659657  685824  680430  740933  663863  669414  644316  585574  533526  581251  587437  602389
"262144"   697369  705733  742028  648215  697499  677233  684656  668061  609193  645945  576716  664288  627855
"524288"   704082  699476  696871  658511  685008  664980  648064  668357  626598  595312  632369  586832  644945
"1048576"   722624  696816  680996  673970  600075  687437  690678  659875  560911  646725  631833  639241  568362
"2097152"   79868  88853  103298  135196  127184  120968  81709  209644  83170  81632  81386  211889  203929

"Re-Fread report"
        "4"  "8"  "16"  "32"  "64"  "128"  "256"  "512"  "1024"  "2048"  "4096"  "8192"  "16384"
"64"   61066  20532  95399  83111  95230
"128"   103727  89021  100560  120164  140659  126090
"256"   152200  143169  154034  149363  168303  153111  144149
"512"   179768  181500  204721  206631  180798  222127  214774  200628
"1024"   296720  252841  318504  341444  290322  256128  292815  286029  276545
"2048"   374275  388617  425164  457865  381235  364214  492067  405629  466747  435555
"4096"   511552  459148  502088  517765  466301  466352  452950  397591  556526  526218  503265
"8192"   703648  687486  563100  521813  527493  675577  722468  627978  569758  546496  555238  399569
"16384"   712127  600937  742328  746287  732181  593003  656880  558723  607917  514091  514834  526784  498553
"32768"   602795  658693  662114  697575  674488  678286  690391  639325  488746  555033  635098  656541  578296
"65536"   705941  635919  693408  655977  667855  546461  527715  649630  634411  553475  609518  621654  533755
"131072"   537044  685810  668891  650110  715833  732278  674947  660881  624485  560532  616087  649807  664399
"262144"   661498  644164  678463  683677  723161  640353  638992  621508  589212  605303  626326  599760  623060
"524288"   664351  675385  662760  651263  699021  661951  635281  653738  635855  608435  627796  590676  602571
"1048576"   667230  675210  653381  686939  584657  660529  668192  579782  608593  580985  607748  617169  556582
"2097152"   82729  83199  97835  89047  106743  140146  81818  98521  83677  131487  130732  105444  109194
root@nfsclient:/home/vedams/iozone3_394/src/current#

IOZONE RESULTS USING SNAPSERVER
